// Metadata:
1, Trench, 800, 600, 4

// Outer Walls:
0,   0,   800, 0
0,   0,   0,   600
800, 0,   800, 600
0,   600, 800, 600

// Blockades:
100, 110, 100, 160
700, 110, 700, 160
200, 275, 200, 325
600, 275, 600, 325
100, 440, 100, 490
700, 440, 700, 490

// Riverbed:
350, 75, 350, 525, 0, false
450, 75, 450, 525, 0, false

350, 0, 350, 250, 1, false
350, 350, 350, 600, 1, false
450, 0, 450, 250, 1, false
450, 350, 450, 600, 1, false

// Bridge:
300, 250, 500, 250, 1, false
300, 350, 500, 350, 1, false

##

// Spawn Locations
50, 135, 0
50, 465, 0
750, 135, 1
750, 465, 1
